image_width: 640
image_height: 480
camera_name: webcam
camera_matrix:
  rows: 3
  cols: 3
  data: [826.763985, 0.000000, 317.526030, 0.000000, 829.816850, 248.561985, 0.000000, 0.000000, 1.000000]
distortion_model: plumb_bob
distortion_coefficients:
  rows: 1
  cols: 5
  data: [0.037198, 0.170831, 0.001519, -0.000455, 0.000000]
rectification_matrix:
  rows: 3
  cols: 3
  data: [1.000000, 0.000000, 0.000000, 0.000000, 1.000000, 0.000000, 0.000000, 0.000000, 1.000000]
projection_matrix:
  rows: 3
  cols: 4
  data: [839.713379, 0.000000, 316.921577, 0.000000, 0.000000, 842.265625, 248.366788, 0.000000, 0.000000, 0.000000, 1.000000, 0.000000]
